q00,q18b,q18bst,q18bmt,q18bun
2,2,0,1,0
3,2,0,1,0
4,2,0,1,0
5,2,0,1,0
6,1,1,0,0
7,2,0,1,0
8,2,0,1,0
9,2,0,1,0
10,1,1,0,0
11,2,0,1,0
12,1,1,0,0
13,1,1,0,0
14,2,0,1,0
15,1,1,0,0
16,2,0,1,0
17,2,0,1,0
18,,,,
19,2,0,1,0
20,4,1,0,1
21,2,0,1,0
22,,,,
23,2,0,1,0
24,2,0,1,0
25,1,1,0,0
26,1,1,0,0
27,1,1,0,0
28,2,0,1,0
29,,,,
30,2,0,1,0
31,1,1,0,0
32,1,1,0,0
33,2,0,1,0
34,2,0,1,0
35,2,0,1,0
36,,,,
37,2,0,1,0
38,1,1,0,0
39,2,0,1,0
40,2,0,1,0
41,5,0,0,0
42,,,,
43,,,,
44,1,1,0,0
45,,,,
46,1,1,0,0
47,,,,
48,4,1,0,1
49,3,0,0,1
50,2,0,1,0
51,2,0,1,0
52,2,0,1,0
53,1,1,0,0
54,2,0,1,0
55,2,0,1,0
56,2,0,1,0
57,1,1,0,0
58,1,1,0,0
59,2,0,1,0
60,,,,
61,2,0,1,0
62,1,1,0,0
63,2,0,1,0
64,1,1,0,0
65,3,0,0,1
66,2,0,1,0
67,2,0,1,0
68,2,0,1,0
69,,,,
70,2,0,1,0
71,2,0,1,0
72,2,0,1,0
73,2,0,1,0
74,2,0,1,0
75,,,,
76,2,0,1,0
77,2,0,1,0
78,1,1,0,0
79,2,0,1,0
80,,,,
81,4,1,1,0
82,3,0,0,1
83,,,,
84,2,0,1,0
85,2,0,1,0
86,2,0,1,0
87,2,0,1,0
88,1,1,0,0
89,2,0,1,0
90,,,,
91,1,1,0,0
92,,,,
93,2,0,1,0
94,4,1,1,1
95,1,1,0,0
96,2,0,1,0
97,2,0,1,0
98,2,0,1,0
99,2,0,1,0
100,2,0,1,0
101,2,0,1,0
102,2,0,1,0
103,1,1,0,0
104,,,,
105,,,,
106,5,0,0,0
107,2,0,1,0
108,2,0,1,0
109,2,0,1,0
110,1,1,0,0
111,2,0,1,0
112,2,0,1,0
113,,,,
114,2,0,1,0
115,3,0,0,1
116,2,0,1,0
117,2,0,1,0
118,2,0,1,0
119,,,,
120,2,0,1,0
121,2,0,1,0
122,2,0,1,0
123,2,0,1,0
124,2,0,1,0
125,2,0,1,0
126,,,,
127,2,0,1,0
128,3,0,0,1
129,,,,
130,2,0,1,0
131,2,0,1,0
132,1,1,0,0
133,2,0,1,0
134,1,1,0,0
135,,,,
136,5,0,0,0
137,2,0,1,0
138,1,1,0,0
139,1,1,0,0
140,2,0,1,0
141,2,0,1,0
142,1,1,0,0
143,1,1,0,0
144,2,0,1,0
145,2,0,1,0
146,,,,
147,2,0,1,0
148,2,0,1,0
149,1,1,0,0
150,2,0,1,0
151,2,0,1,0
152,,,,
153,,,,
154,1,1,0,0
156,,,,
157,,,,
158,2,0,1,0
159,1,1,0,0
160,2,0,1,0
161,2,0,1,0
162,2,0,1,0
163,2,0,1,0
164,2,0,1,0
165,2,0,1,0
166,2,0,1,0
167,2,0,1,0
168,2,0,1,0
169,1,1,0,0
170,2,0,1,0
171,1,1,0,0
172,1,1,0,0
173,1,1,0,0
174,2,0,1,0
175,,,,
176,2,0,1,0
177,1,1,0,0
178,3,0,0,1
179,1,1,0,0
180,1,1,0,0
181,,,,
182,2,0,1,0
183,2,0,1,0
184,2,0,1,0
185,1,1,0,0
186,2,0,1,0
187,2,0,1,0
188,1,1,0,0
189,1,1,0,0
190,1,1,0,0
191,2,0,1,0
192,5,0,0,0
193,2,0,1,0
194,,,,
195,1,1,0,0
196,1,1,0,0
197,2,0,1,0
198,,,,
199,,,,
200,4,1,0,1
201,2,0,1,0
202,1,1,0,0
203,1,1,0,0
204,1,1,0,0
205,2,0,1,0
206,2,0,1,0
207,2,0,1,0
208,,,,
209,,,,
210,4,1,1,0
211,2,0,1,0
212,1,1,0,0
213,,,,
214,3,0,0,1
215,,,,
216,2,0,1,0
217,2,0,1,0
218,1,1,0,0
219,4,1,1,0
220,1,1,0,0
221,2,0,1,0
222,2,0,1,0
223,1,1,0,0
224,2,0,1,0
225,1,1,0,0
226,,,,
227,2,0,1,0
228,1,1,0,0
229,2,0,1,0
230,1,1,0,0
231,2,0,1,0
232,1,1,0,0
233,1,1,0,0
234,1,1,0,0
235,,,,
236,,,,
237,,,,
238,,,,
239,2,0,1,0
240,2,0,1,0
241,4,1,1,0
242,2,0,1,0
243,2,0,1,0
244,2,0,1,0
245,2,0,1,0
246,,,,
247,1,1,0,0
248,,,,
249,2,0,1,0
250,2,0,1,0
251,2,0,1,0
252,2,0,1,0
253,2,0,1,0
254,,,,
255,2,0,1,0
256,2,0,1,0
257,1,1,0,0
258,1,1,0,0
259,2,0,1,0
260,1,1,0,0
261,2,0,1,0
262,,,,
263,,,,
264,1,1,0,0
265,,,,
266,2,0,1,0
267,2,0,1,0
268,,,,
269,2,0,1,0
270,2,0,1,0
271,2,0,1,0
272,2,0,1,0
273,2,0,1,0
274,2,0,1,0
275,1,1,0,0
276,1,1,0,0
277,2,0,1,0
278,2,0,1,0
279,2,0,1,0
280,2,0,1,0
281,2,0,1,0
282,1,1,0,0
283,1,1,0,0
284,5,0,0,0
285,,,,
286,2,0,1,0
287,1,1,0,0
288,2,0,1,0
289,,,,
290,2,0,1,0
291,2,0,1,0
292,2,0,1,0
293,,,,
294,5,0,0,0
295,2,0,1,0
296,1,1,0,0
297,2,0,1,0
298,,,,
299,2,0,1,0
300,,,,
301,2,0,1,0
302,3,0,0,1
303,,,,
304,2,0,1,0
305,2,0,1,0
306,,,,
307,1,1,0,0
308,1,1,0,0
309,1,1,0,0
310,1,1,0,0
311,1,1,0,0
312,1,1,0,0
313,,,,
314,1,1,0,0
315,2,0,1,0
316,1,1,0,0
317,2,0,1,0
318,1,1,0,0
319,1,1,0,0
320,2,0,1,0
321,,,,
322,2,0,1,0
323,2,0,1,0
324,1,1,0,0
325,2,0,1,0
326,2,0,1,0
327,1,1,0,0
328,1,1,0,0
329,3,0,0,1
330,2,0,1,0
331,1,1,0,0
332,2,0,1,0
333,2,0,1,0
334,2,0,1,0
335,2,0,1,0
336,1,1,0,0
337,2,0,1,0
338,4,1,1,0
339,2,0,1,0
340,2,0,1,0
341,1,1,0,0
342,2,0,1,0
343,1,1,0,0
344,,,,
345,1,1,0,0
346,,,,
347,,,,
348,1,1,0,0
349,2,0,1,0
350,2,0,1,0
351,1,1,0,0
352,,,,
353,4,1,1,0
354,1,1,0,0
355,2,0,1,0
356,3,0,0,1
357,,,,
358,2,0,1,0
359,2,0,1,0
360,2,0,1,0
361,2,0,1,0
362,1,1,0,0
363,2,0,1,0
364,1,1,0,0
365,2,0,1,0
366,1,1,0,0
367,1,1,0,0
368,3,0,0,1
369,1,1,0,0
370,2,0,1,0
371,2,0,1,0
372,2,0,1,0
373,2,0,1,0
374,1,1,0,0
375,2,0,1,0
376,,,,
377,2,0,1,0
378,2,0,1,0
379,2,0,1,0
380,1,1,0,0
381,2,0,1,0
382,2,0,1,0
383,2,0,1,0
384,1,1,0,0
385,2,0,1,0
386,2,0,1,0
387,1,1,0,0
388,1,1,0,0
389,1,1,0,0
390,2,0,1,0
391,2,0,1,0
392,2,0,1,0
393,2,0,1,0
394,2,0,1,0
395,2,0,1,0
396,2,0,1,0
397,2,0,1,0
398,2,0,1,0
399,2,0,1,0
400,3,0,0,1
401,2,0,1,0
402,2,0,1,0
403,,,,
404,,,,
405,2,0,1,0
406,,,,
407,1,1,0,0
408,1,1,0,0
409,4,1,0,1
410,1,1,0,0
411,2,0,1,0
412,1,1,0,0
413,2,0,1,0
414,,,,
415,,,,
416,2,0,1,0
417,2,0,1,0
418,2,0,1,0
419,1,1,0,0
420,,,,
421,2,0,1,0
422,2,0,1,0
423,2,0,1,0
424,2,0,1,0
425,1,1,0,0
426,2,0,1,0
427,2,0,1,0
428,1,1,0,0
429,1,1,0,0
430,2,0,1,0
431,1,1,0,0
432,1,1,0,0
433,2,0,1,0
434,2,0,1,0
435,2,0,1,0
436,,,,
437,2,0,1,0
438,2,0,1,0
439,,,,
440,2,0,1,0
441,,,,
442,3,0,0,1
443,2,0,1,0
444,2,0,1,0
445,,,,
446,1,1,0,0
447,2,0,1,0
448,2,0,1,0
449,2,0,1,0
450,1,1,0,0
451,1,1,0,0
452,2,0,1,0
453,3,0,0,1
454,2,0,1,0
455,5,0,0,0
456,2,0,1,0
457,4,0,1,1
458,1,1,0,0
459,2,0,1,0
460,2,0,1,0
461,1,1,0,0
462,2,0,1,0
463,2,0,1,0
464,1,1,0,0
465,2,0,1,0
466,,,,
467,2,0,1,0
468,1,1,0,0
469,1,1,0,0
470,1,1,0,0
471,1,1,0,0
472,1,1,0,0
473,2,0,1,0
474,,,,
475,,,,
476,3,0,0,1
477,4,1,0,1
478,1,1,0,0
479,1,1,0,0
480,2,0,1,0
481,,,,
482,2,0,1,0
483,,,,
484,,,,
485,,,,
486,2,0,1,0
487,4,0,1,1
488,1,1,0,0
489,2,0,1,0
490,3,0,0,1
491,2,0,1,0
492,2,0,1,0
493,1,1,0,0
494,1,1,0,0
495,2,0,1,0
496,2,0,1,0
497,1,1,0,0
498,3,0,0,1
499,1,1,0,0
500,2,0,1,0
501,2,0,1,0
502,1,1,0,0
503,2,0,1,0
504,,,,
505,2,0,1,0
506,1,1,0,0
508,2,0,1,0
509,1,1,0,0
510,1,1,0,0
511,3,0,0,1
512,2,0,1,0
513,1,1,0,0
514,2,0,1,0
515,2,0,1,0
516,2,0,1,0
517,2,0,1,0
518,,,,
519,1,1,0,0
520,2,0,1,0
521,2,0,1,0
522,5,0,0,0
523,,,,
524,2,0,1,0
525,,,,
526,2,0,1,0
527,1,1,0,0
528,2,0,1,0
529,3,0,0,1
530,,,,
531,2,0,1,0
532,1,1,0,0
533,3,0,0,1
534,2,0,1,0
535,,,,
536,1,1,0,0
537,2,0,1,0
538,2,0,1,0
539,3,0,0,1
540,1,1,0,0
541,2,0,1,0
542,1,1,0,0
543,1,1,0,0
544,,,,
545,1,1,0,0
546,1,1,0,0
547,5,0,0,0
549,2,0,1,0
550,2,0,1,0
551,,,,
552,2,0,1,0
554,2,0,1,0
555,2,0,1,0
556,2,0,1,0
557,,,,
558,2,0,1,0
559,2,0,1,0
560,2,0,1,0
561,4,1,1,0
562,2,0,1,0
563,1,1,0,0
564,2,0,1,0
565,1,1,0,0
566,,,,
567,2,0,1,0
568,1,1,0,0
569,2,0,1,0
570,2,0,1,0
571,1,1,0,0
572,1,1,0,0
573,1,1,0,0
574,2,0,1,0
575,1,1,0,0
576,2,0,1,0
577,,,,
578,1,1,0,0
579,2,0,1,0
580,1,1,0,0
581,5,0,0,0
582,2,0,1,0
583,2,0,1,0
584,2,0,1,0
585,2,0,1,0
586,,,,
587,2,0,1,0
588,2,0,1,0
589,1,1,0,0
590,,,,
591,,,,
592,1,1,0,0
593,,,,
594,1,1,0,0
595,2,0,1,0
596,2,0,1,0
597,1,1,0,0
598,2,0,1,0
599,1,1,0,0
600,2,0,1,0
601,2,0,1,0
602,2,0,1,0
603,1,1,0,0
604,1,1,0,0
605,,,,
606,2,0,1,0
607,2,0,1,0
608,1,1,0,0
609,1,1,0,0
610,,,,
611,2,0,1,0
612,2,0,1,0
613,2,0,1,0
614,2,0,1,0
615,2,0,1,0
616,2,0,1,0
617,1,1,0,0
618,1,1,0,0
619,1,1,0,0
620,1,1,0,0
621,,,,
622,1,1,0,0
623,1,1,0,0
624,2,0,1,0
625,2,0,1,0
626,2,0,1,0
627,,,,
628,2,0,1,0
629,,,,
630,2,0,1,0
631,1,1,0,0
632,5,0,0,0
633,2,0,1,0
634,1,1,0,0
635,4,1,1,0
636,1,1,0,0
637,1,1,0,0
638,2,0,1,0
639,1,1,0,0
640,2,0,1,0
641,2,0,1,0
644,1,1,0,0
645,2,0,1,0
646,2,0,1,0
647,1,1,0,0
648,3,0,0,1
649,3,0,0,1
650,2,0,1,0
651,2,0,1,0
652,2,0,1,0
653,1,1,0,0
654,1,1,0,0
655,2,0,1,0
656,,,,
657,3,0,0,1
658,2,0,1,0
659,1,1,0,0
660,2,0,1,0
661,2,0,1,0
662,1,1,0,0
663,1,1,0,0
664,,,,
665,2,0,1,0
666,4,1,1,0
667,2,0,1,0
668,1,1,0,0
669,2,0,1,0
670,2,0,1,0
671,1,1,0,0
672,,,,
673,3,0,0,1
674,1,1,0,0
675,2,0,1,0
676,2,0,1,0
677,3,0,0,1
678,2,0,1,0
679,2,0,1,0
680,1,1,0,0
681,2,0,1,0
682,2,0,1,0
683,2,0,1,0
684,,,,
685,2,0,1,0
686,2,0,1,0
687,2,0,1,0
688,2,0,1,0
689,1,1,0,0
690,2,0,1,0
692,2,0,1,0
693,2,0,1,0
695,2,0,1,0
696,3,0,0,1
697,1,1,0,0
698,2,0,1,0
699,2,0,1,0
700,,,,
701,2,0,1,0
702,2,0,1,0
703,2,0,1,0
704,3,0,0,1
705,2,0,1,0
706,1,1,0,0
707,2,0,1,0
708,,,,
709,2,0,1,0
710,2,0,1,0
711,1,1,0,0
712,4,0,1,1
713,2,0,1,0
714,2,0,1,0
715,2,0,1,0
716,2,0,1,0
717,2,0,1,0
718,,,,
719,1,1,0,0
720,1,1,0,0
721,,,,
722,2,0,1,0
723,1,1,0,0
724,1,1,0,0
725,,,,
726,1,1,0,0
727,2,0,1,0
728,2,0,1,0
729,1,1,0,0
730,2,0,1,0
731,,,,
732,,,,
733,2,0,1,0
734,2,0,1,0
735,2,0,1,0
736,2,0,1,0
737,2,0,1,0
738,,,,
739,2,0,1,0
740,1,1,0,0
741,1,1,0,0
742,1,1,0,0
743,4,1,1,1
744,2,0,1,0
745,2,0,1,0
746,2,0,1,0
747,1,1,0,0
748,3,0,0,1
749,,,,
750,4,1,1,0
751,2,0,1,0
752,1,1,0,0
753,2,0,1,0
754,2,0,1,0
755,1,1,0,0
756,2,0,1,0
757,1,1,0,0
758,,,,
759,2,0,1,0
760,2,0,1,0
761,1,1,0,0
762,2,0,1,0
763,2,0,1,0
764,2,0,1,0
765,2,0,1,0
766,1,1,0,0
767,1,1,0,0
768,2,0,1,0
769,2,0,1,0
770,2,0,1,0
771,2,0,1,0
772,1,1,0,0
773,2,0,1,0
774,1,1,0,0
775,1,1,0,0
776,2,0,1,0
777,1,1,0,0
778,,,,
779,,,,
780,2,0,1,0
781,,,,
782,2,0,1,0
783,4,1,1,0
784,1,1,0,0
785,2,0,1,0
786,,,,
787,2,0,1,0
788,2,0,1,0
789,1,1,0,0
790,2,0,1,0
791,2,0,1,0
792,4,1,0,1
793,1,1,0,0
794,1,1,0,0
795,2,0,1,0
796,1,1,0,0
797,1,1,0,0
798,,,,
799,2,0,1,0
800,3,0,0,1
801,1,1,0,0
802,2,0,1,0
803,,,,
804,2,0,1,0
805,,,,
806,1,1,0,0
807,3,0,0,1
808,1,1,0,0
809,2,0,1,0
810,,,,
811,1,1,0,0
812,2,0,1,0
813,,,,
814,2,0,1,0
815,2,0,1,0
816,,,,
818,2,0,1,0
819,2,0,1,0
820,,,,
821,1,1,0,0
822,2,0,1,0
823,2,0,1,0
824,3,0,0,1
825,2,0,1,0
826,2,0,1,0
827,2,0,1,0
828,4,1,1,0
829,1,1,0,0
830,2,0,1,0
831,2,0,1,0
832,2,0,1,0
833,2,0,1,0
834,1,1,0,0
835,2,0,1,0
836,2,0,1,0
837,3,0,0,1
838,2,0,1,0
839,2,0,1,0
840,2,0,1,0
841,2,0,1,0
842,2,0,1,0
843,,,,
844,2,0,1,0
845,1,1,0,0
847,2,0,1,0
848,2,0,1,0
849,,,,
850,2,0,1,0
851,2,0,1,0
852,2,0,1,0
853,2,0,1,0
854,1,1,0,0
856,1,1,0,0
857,2,0,1,0
859,2,0,1,0
860,,,,
861,2,0,1,0
862,1,1,0,0
863,4,1,1,1
864,2,0,1,0
865,2,0,1,0
866,2,0,1,0
867,1,1,0,0
868,1,1,0,0
869,2,0,1,0
870,2,0,1,0
871,2,0,1,0
872,2,0,1,0
873,2,0,1,0
874,2,0,1,0
875,2,0,1,0
876,,,,
877,1,1,0,0
878,2,0,1,0
879,2,0,1,0
880,,,,
881,,,,